100 3 1
0.0016 0.0397 0.0438 0.14325 
0.0019500000000000001 0.03015 0.049800000000000004 0.12085000000000001 
0.0049499999999999995 0.02495 0.0015 0.1251 
7.000000000000001E-4 0.03325 0.02045 0.05035 
0.00425 0.01815 0.038450000000000005 0.0947 
0.00345 0.027549999999999998 0.02 0.1245 
6.0E-4 0.044950000000000004 0.01085 0.05945 
0.00125 0.046150000000000004 0.015149999999999999 0.12269999999999999 
0.0013 0.029849999999999998 4.0E-4 0.04595 
9.5E-4 0.00345 0.0441 0.0446 
4.0E-4 0.0213 0.01405 0.02155 
0.00415 0.037000000000000005 0.0323 0.25965 
0.00215 0.024249999999999997 0.0253 0.07575 
0.00475 5.0E-4 0.00745 0.0075 
0.00385 0.0066500000000000005 0.01075 0.0176 
0.0028499999999999997 0.00345 0.02665 0.028050000000000002 
0.00335 0.0271 0.03855 0.13675 
0.0021 0.0025 0.0258 0.02635 
0.0049 0.0172 0.023849999999999996 0.08155 
0.0022500000000000003 0.0017000000000000001 0.0141 0.01435 
9.0E-4 0.04295 0.042249999999999996 0.10805 
0.0028499999999999997 0.00215 0.0171 0.01765 
0.004699999999999999 0.02445 0.0163 0.12895 
8.500000000000001E-4 3.0E-4 0.00265 0.00265 
0.00475 0.015149999999999999 0.020950000000000003 0.06434999999999999 
9.5E-4 0.02765 0.015149999999999999 0.04375 
0.00105 0.0253 0.03525 0.0617 
0.0029 0.0346 0.0102 0.1493 
0.00215 0.02075 0.0016 0.03835 
8.500000000000001E-4 0.026699999999999998 0.029900000000000003 0.0542 
0.004 0.01355 0.00425 0.03375 
3.0E-4 0.0359 0.044800000000000006 0.06105000000000001 
0.0032500000000000003 0.04535 0.03365 0.30215 
0.0015 0.0489 0.0123 0.15539999999999998 
0.00105 0.0475 0.001 0.0969 
5.0E-5 0.0358 0.0053 0.0067 
0.0020499999999999997 0.0134 0.0315 0.04605000000000001 
4.5E-4 0.03565 0.004050000000000001 0.0265 
0.00105 0.01385 0.005600000000000001 0.01375 
0.00345 0.022799999999999997 0.03405 0.10635 
0.002 0.0016 4.0E-4 6.0E-4 
3.0E-4 0.02735 0.042249999999999996 0.0506 
8.0E-4 0.0454 0.02875 0.0949 
0.00185 0.012549999999999999 0.02145 0.03325 
0.0029 0.0287 0.00315 0.09815 
0.00165 0.027000000000000003 0.043899999999999995 0.09225 
9.5E-4 0.040549999999999996 0.0371 0.09849999999999999 
0.0014000000000000002 0.030750000000000003 0.01825 0.07185 
0.00125 9.5E-4 0.0129 0.01295 
0.005 0.017849999999999998 0.0204 0.0839 
0.0022500000000000003 0.0216 0.0276 0.06995 
0.0030499999999999998 0.00105 0.014450000000000001 0.01455 
1.0E-4 0.04215 0.04295 0.049 
0.00425 0.0216 0.01115 0.09075 
0.0031 0.04755 0.0175 0.298 
1.5E-4 0.02535 0.036000000000000004 0.0405 
0.00135 0.00845 0.04215 0.046 
0.0021 0.0028000000000000004 0.03515 0.0358 
0.00315 0.0177 0.013049999999999999 0.05255 
0.00135 0.049550000000000004 0.045149999999999996 0.17715 
0.0028000000000000004 0.02125 0.0492 0.1002 
2.0E-4 0.02175 0.032 0.035699999999999996 
4.0E-4 0.01555 0.0432 0.0472 
0.0027500000000000003 0.0108 0.00825 0.02105 
5.0E-5 0.00775 0.00655 0.0067 
0.0032500000000000003 0.01755 0.0087 0.04855 
0.0028000000000000004 0.049400000000000006 0.049850000000000005 0.32284999999999997 
0.0021 0.02595 0.014650000000000002 0.0708 
0.0035499999999999998 0.0059499999999999996 0.04735 0.05235 
0.003 0.0095 0.01635 0.027149999999999997 
0.0034999999999999996 0.0416 0.00945 0.2526 
9.5E-4 0.046950000000000006 0.0414 0.126 
6.0E-4 0.03115 0.0381 0.06155 
0.00165 0.042050000000000004 0.0073 0.1257 
4.0E-4 0.010049999999999998 0.026000000000000002 0.0276 
0.00475 0.0276 0.0127 0.15810000000000002 
0.0024 0.00435 0.02955 0.031349999999999996 
7.000000000000001E-4 0.01605 0.018500000000000003 0.0256 
0.0022500000000000003 0.01745 0.02605 0.053399999999999996 
0.0015 0.0246 0.049749999999999996 0.08645 
0.00185 0.01455 0.04769999999999999 0.0633 
0.00145 0.04535 0.03675 0.1568 
0.0028000000000000004 0.0365 0.013300000000000001 0.16235 
0.0017000000000000001 0.03315 0.0436 0.1174 
0.004 0.02735 0.03695 0.15735 
9.0E-4 0.00335 0.0294 0.0298 
0.0017000000000000001 0.0478 0.0393 0.19269999999999998 
0.0027500000000000003 0.044199999999999996 0.0159 0.2304 
0.00375 0.00745 0.0045000000000000005 0.01275 
0.0031 0.031400000000000004 0.0206 0.1422 
0.00485 0.0449 0.0319 0.4207 
4.0E-4 0.04845 0.00395 0.043250000000000004 
5.0E-5 0.0463 0.00575 0.00905 
0.0022 0.0147 0.0049499999999999995 0.02375 
0.00185 0.0208 0.0342 0.06645 
0.00375 0.0074 0.02105 0.029249999999999998 
0.0022 0.02775 0.0068000000000000005 0.07455 
6.5E-4 0.04845 0.020099999999999996 0.07975 
0.0021 0.0055000000000000005 0.04875 0.05135 
0.0033 0.01065 0.0018 0.0168 
