99
73.75 30.0 613.0 1
79.875 25.999999999999996 649.0 1
74.625 23.0 622.0 1
75.5 25.999999999999996 610.0 1
81.625 30.0 644.0 1
86.0 29.000000000000004 645.0 1
91.25 24.000000000000004 629.0 1
88.625 22.0 641.0 1
85.125 22.0 627.0 1
79.0 25.999999999999996 641.0 1
76.375 28.0 615.0 1
81.625 30.0 640.0 1
79.875 20.999999999999996 644.0 1
91.25 20.999999999999996 627.0 1
80.75 23.0 636.0 1
89.5 20.0 637.0 1
76.375 27.0 624.0 1
87.75 24.000000000000004 623.0 1
89.5 20.0 633.0 1
73.75 22.0 642.0 1
86.0 22.0 606.0 1
91.25 25.999999999999996 625.0 1
74.625 29.000000000000004 631.0 1
77.25 30.0 634.0 1
86.875 27.0 615.0 1
80.75 29.000000000000004 603.0 1
83.375 24.000000000000004 603.0 1
78.125 25.999999999999996 643.0 1
80.75 23.0 640.0 1
77.25 25.0 601.0 1
85.125 30.0 632.0 1
81.625 28.0 631.0 1
79.0 27.0 640.0 1
76.375 23.0 650.0 1
40.5 50.0 542.0 2
44.0 41.0 516.0 2
36.125 48.0 501.0 2
32.625 50.0 517.0 2
45.75 48.0 522.0 2
33.5 51.0 545.0 2
33.5 50.0 528.0 2
38.75 48.0 503.0 2
32.625 57.0 542.0 2
37.875 59.0 528.0 2
32.625 52.0 526.0 2
34.375 54.0 533.0 2
46.625 58.0 510.0 2
33.5 57.0 508.0 2
44.0 48.0 519.0 2
34.375 43.0 508.0 2
36.125 56.0 536.0 2
34.375 60.0 530.0 2
44.0 53.0 539.0 2
43.125 40.0 516.0 2
39.625 41.0 523.0 2
39.625 55.0 523.0 2
37.0 48.0 521.0 2
30.874999999999996 52.0 527.0 2
33.5 49.0 539.0 2
31.75 44.0 532.0 2
36.125 55.0 527.0 2
35.25 44.0 531.0 2
45.75 45.0 539.0 2
33.5 40.0 521.0 2
35.25 40.0 547.0 2
33.5 42.0 508.0 2
44.875 48.0 529.0 2
65.0 90.0 706.0 3
57.125 85.0 831.0 3
65.0 78.0 777.0 3
59.75 82.0 822.0 3
62.375 77.0 717.0 3
62.375 72.0 728.0 3
61.5 80.0 723.0 3
60.625 88.0 746.0 3
63.25 71.0 787.0 3
64.125 83.0 730.0 3
61.5 85.0 808.0 3
56.25 75.0 730.0 3
62.375 73.0 790.0 3
58.875 85.0 849.0 3
64.125 79.0 742.0 3
58.875 71.0 836.0 3
58.875 73.0 740.0 3
63.25 80.0 824.0 3
63.25 82.0 777.0 3
64.125 80.0 760.0 3
58.875 75.0 843.0 3
61.5 70.0 795.0 3
57.125 85.0 716.0 3
62.375 81.0 748.0 3
63.25 78.0 782.0 3
59.75 71.0 827.0 3
65.0 89.0 837.0 3
62.375 89.0 827.0 3
64.125 76.0 717.0 3
56.25 78.0 792.0 3
62.375 85.0 714.0 3
58.0 86.0 730.0 3
SSE: 1.2907611958277636
