99 3 
0.5 0.125 0.485 
0.375 0.875 0.7175 
0.6125 0.1875 0.1725 
0.2875 0.925 0.6275 
0.36250000000000004 0.9625 0.6950000000000001 
0.35 0.925 0.725 
0.5 0.275 0.3075 
0.85 0.625 0.895 
0.8 0.7375 0.96 
0.575 0.22499999999999998 0.19499999999999995 
0.5375 0.2875 0.4575 
0.9125 0.65 0.9975 
0.9625 0.625 0.9575 
0.26249999999999996 0.875 0.64 
0.5375 0.35 0.43000000000000005 
0.55 0.25 0.4425 
0.5625 0.15000000000000002 0.385 
0.775 0.65 0.945 
0.95 0.6125 0.8875 
0.95 0.625 0.9299999999999999 
0.875 0.65 0.9925 
0.525 0.36250000000000004 0.2825 
0.5125 0.21250000000000002 0.42500000000000004 
0.19999999999999996 0.8875 0.6375 
0.55 0.1875 0.22999999999999998 
0.9625 0.5375 0.895 
0.8875 0.5125 0.9299999999999999 
0.625 0.3125 0.42500000000000004 
0.9625 0.6 0.935 
0.125 0.95 0.6775 
0.16249999999999998 0.975 0.6475 
0.21250000000000002 0.975 0.6825 
0.9375 0.575 0.9175 
0.7625 0.525 0.975 
0.30000000000000004 0.925 0.6475 
0.95 0.5375 0.98 
0.5375 0.3375 0.275 
0.5875 0.1875 0.12749999999999995 
0.3375 0.9 0.7125 
0.5125 0.26249999999999996 0.395 
0.5875 0.36250000000000004 0.16000000000000003 
0.26249999999999996 0.875 0.65 
0.8 0.65 0.9525 
0.5875 0.3375 0.4 
0.2875 0.9875 0.64 
0.125 0.9875 0.6825 
0.9375 0.7125 0.98 
0.9125 0.55 0.91 
0.525 0.25 0.18999999999999995 
0.275 0.9625 0.6599999999999999 
0.9375 0.5 0.925 
0.15000000000000002 1.0 0.6575 
0.525 0.22499999999999998 0.3075 
0.3375 0.9125 0.69 
0.17500000000000004 0.95 0.6925 
0.15000000000000002 1.0 0.6675 
0.8 0.5875 0.9025 
0.5125 0.25 0.35 
0.5875 0.3125 0.14249999999999996 
0.8125 0.75 0.96 
0.55 0.375 0.26249999999999996 
0.6125 0.1875 0.45999999999999996 
0.8625 0.7375 0.9425 
0.5375 0.23750000000000004 0.38 
0.375 0.975 0.645 
0.8625 0.5625 0.9425 
0.19999999999999996 0.975 0.735 
0.525 0.275 0.29500000000000004 
0.9 0.65 0.9475 
0.9875 0.6 0.9325 
0.125 0.925 0.6875 
0.36250000000000004 0.8875 0.6725 
0.32499999999999996 0.875 0.665 
0.575 0.36250000000000004 0.1825 
0.1875 0.9125 0.7125 
0.95 0.6375 0.9025 
0.5 0.13749999999999996 0.15749999999999997 
0.275 0.8875 0.7424999999999999 
0.975 0.7 0.92 
0.23750000000000004 0.95 0.7424999999999999 
0.3125 0.925 0.6425000000000001 
0.275 0.9625 0.65 
0.9125 0.5625 0.9325 
0.32499999999999996 0.9375 0.7475 
0.925 0.7 0.9225 
0.775 0.6875 0.9025 
0.21250000000000002 0.875 0.6699999999999999 
0.5375 0.13749999999999996 0.1825 
0.95 0.75 0.9475 
0.5125 0.30000000000000004 0.4575 
0.625 0.275 0.27 
0.26249999999999996 0.9 0.6725 
0.30000000000000004 0.9125 0.65 
0.925 0.75 0.8825000000000001 
0.95 0.725 0.98 
0.5375 0.1875 0.46499999999999997 
0.3375 0.9625 0.625 
0.7875 0.65 0.9275 
0.6 0.17500000000000004 0.42500000000000004 
