------------------------------

y = x^2

0 < x < 1
0 < y < 1

0.30 0.09
0.10 0.01
0.50 0.25
0.25 0.06
0.70 0.49
0.40 0.16
0.60 0.36
0.90 0.81

0.80
0.20
0.75

------------------------------

z = (x^2y + y)/2

0 < x < 1
0 < y < 1
0 < z < 1

0.2 0.4 0.208
0.8 0.3 0.246
0.3 0.7 0.381
0.6 0.9 0.612
0.5 0.4 0.250
0.4 0.1 0.058
0.5 0.8 0.500
0.7 0.9 0.670
0.8 0.5 0.410

0.4 0.6
0.7 0.2
0.5 0.9

-----------------------------

(x, y) (xy, x^2)

0 < x < 1
0 < y < 1

0.9 0.2 0.18 0.81
0.8 0.7 0.56 0.64
0.2 0.8 0.16 0.04
0.3 0.9 0.27 0.09
0.4 0.6 0.24 0.16
0.5 0.5 0.25 0.25
0.5 0.3 0.15 0.25
0.2 0.2 0.04 0.04

0.7 0.3
0.5 0.8
0.4 0.3

-------------------------------

y = 3x + 1
-10 < x < 10
-40 < y < 40

8 25
-6 -17
3 10
6 19
0 1
-2 -5
-9 -26
-5 -14

0.90 0.8125
0.20 0.2875
0.65 0.625
0.80 0.7375
0.50 0.5125
0.40 0.4375
0.05 0.175
0.25 0.325

5
2
-4

0.75
0.60
0.30

---------------------------------

z = x^2y

0 < x < 10
0 < y < 10
0 < z < 1000

2 3 12  
3 9 81
5 2 50
5 8 200
8 2 128
8 5 320
8 9 576
3 7 63
7 4 196
6 2 72

0.2 0.3 0.012  
0.3 0.9 0.081
0.5 0.2 0.050
0.5 0.8 0.200
0.8 0.2 0.128
0.8 0.5 0.320
0.8 0.9 0.576
0.3 0.7 0.063
0.7 0.4 0.196
0.6 0.2 0.072

3 4
5 6
7 5
8 8

0.3 0.4
0.5 0.6
0.7 0.5
0.8 0.8

-------------------------------------

max/min

10 2 1

0.4 0.2 1
0.2 0.8 0
0.3 0.5 0
0.2 0.1 1
0.7 0.9 0
0.1 0.4 0
0.6 0.3 1
0.4 0.8 0
0.9 0.8 1
0.7 0.3 1

4

0.2 0.7
0.8 0.5
0.4 0.3
0.1 0.4

-----------------------------------------------------------------------------------

if A > 0.5, B > 0.5 then class=1
if A > 0.5, B < 0.5 then class=2
if A < 0.5 then class=3

10 2 1   

0.7 0.8  0.3
0.6 0.9  0.3
0.8 0.4  0.6
0.7 0.2  0.6
0.6 0.3  0.6
0.4 0.9  0.9
0.3 0.7  0.9
0.2 0.5  0.9
0.1 0.3  0.9
0.4 0.1  0.9

4

0.33 0.65
0.85 0.75
0.70 0.25
0.25 0.30

-------------------------------------------------------------------------------------