80 5 1
0.275 0.8333333333333334 0.7 0.0 0.0 0.5 
0.8875 0.8833333333333333 0.3 0.0 0.5 0.0 
0.55 0.08333333333333333 0.6 0.0 1.0 0.0 
0.275 0.6833333333333333 0.16 0.0 0.0 0.5 
0.2 0.6333333333333333 0.48 1.0 1.0 0.25 
0.75 0.3 0.44 1.0 0.0 0.25 
0.1125 0.5666666666666667 0.64 0.0 0.5 0.75 
0.1 0.75 0.06 0.0 1.0 0.5 
0.41 0.36666666666666664 0.54 1.0 0.5 0.75 
0.065 0.9 0.78 1.0 0.0 0.75 
0.55 0.3 0.96 1.0 0.0 0.0 
0.3775 0.9833333333333333 0.48 0.0 1.0 0.5 
0.16 0.4 0.3 1.0 0.5 0.75 
0.75 0.6 0.12 0.0 1.0 0.0 
0.3 0.08333333333333333 0.86 1.0 0.5 0.75 
0.3625 0.4166666666666667 0.98 0.0 1.0 0.25 
0.3175 0.36666666666666664 0.6 0.0 0.0 0.5 
0.9275 0.08333333333333333 0.7 1.0 0.5 0.0 
0.65 0.3333333333333333 0.66 0.0 0.0 0.0 
0.675 0.18333333333333332 0.36 1.0 1.0 0.25 
0.7825 0.1 0.86 0.0 1.0 0.0 
0.9 0.25 0.02 1.0 1.0 0.25 
0.0875 0.08333333333333333 0.9 1.0 0.0 0.5 
0.08 0.25 0.76 1.0 1.0 0.25 
0.1125 0.35 0.4 0.0 0.5 0.75 
0.65 0.16666666666666666 0.98 0.0 0.0 0.0 
0.31 0.26666666666666666 0.14 0.0 0.5 0.75 
0.075 0.5666666666666667 0.2 0.0 0.0 0.5 
0.205 0.38333333333333336 0.28 0.0 0.0 0.5 
0.0625 0.03333333333333333 0.9 1.0 1.0 0.25 
0.2825 0.8 0.18 1.0 0.5 0.75 
0.155 0.2833333333333333 0.26 1.0 1.0 0.25 
0.425 0.5166666666666667 0.5 1.0 0.0 0.5 
0.065 0.5333333333333333 0.76 0.0 0.5 0.75 
0.3275 0.4666666666666667 0.1 0.0 1.0 0.25 
0.355 0.016666666666666666 0.06 1.0 0.5 0.75 
0.975 0.31666666666666665 0.8 1.0 0.5 0.0 
0.1875 0.75 0.24 0.0 0.5 0.0 
0.4475 0.6833333333333333 0.1 1.0 0.0 0.75 
0.5375 0.11666666666666667 0.56 0.0 0.5 0.25 
0.3125 0.6333333333333333 0.28 0.0 0.0 0.5 
0.075 0.9333333333333333 0.62 0.0 0.5 0.5 
0.175 0.7 0.36 1.0 0.5 0.0 
0.225 0.2 0.52 1.0 0.0 0.5 
0.3375 0.95 0.26 1.0 0.0 0.75 
0.275 0.8666666666666667 0.5 1.0 1.0 0.75 
0.38 0.06666666666666667 0.04 0.0 1.0 0.25 
0.65 0.5833333333333334 0.42 1.0 0.5 0.5 
0.6 0.85 0.32 0.0 0.0 0.0 
0.185 0.05 0.86 0.0 0.0 0.5 
0.855 0.18333333333333332 0.08 1.0 0.5 0.25 
0.435 0.6333333333333333 1.0 1.0 0.5 0.75 
0.6 0.03333333333333333 0.3 0.0 0.0 0.25 
0.6275 0.05 0.14 0.0 0.0 0.25 
0.4325 0.75 0.9 1.0 1.0 0.75 
0.3875 0.8 0.34 0.0 0.5 0.5 
0.3 0.5333333333333333 0.68 0.0 1.0 0.25 
0.6625 0.08333333333333333 0.52 0.0 1.0 0.5 
0.8 0.16666666666666666 0.1 1.0 0.5 0.25 
0.0375 0.7833333333333333 0.54 0.0 0.0 0.5 
0.645 0.38333333333333336 0.84 0.0 0.0 0.0 
0.775 0.4166666666666667 0.52 0.0 1.0 0.0 
0.86 0.23333333333333334 0.22 1.0 1.0 0.25 
0.0975 0.9166666666666666 0.84 0.0 1.0 0.5 
0.1475 0.7833333333333333 0.4 1.0 1.0 0.75 
0.575 0.95 0.98 0.0 0.0 0.0 
0.68 0.2833333333333333 0.68 0.0 1.0 0.0 
0.3775 0.2833333333333333 0.14 1.0 0.0 0.5 
0.305 0.55 0.36 1.0 1.0 0.25 
0.675 0.7166666666666667 0.14 1.0 0.0 0.0 
0.0625 0.9833333333333333 0.7 1.0 0.5 0.75 
0.2025 0.7 0.94 0.0 0.0 0.5 
0.1875 0.8833333333333333 0.54 1.0 0.0 0.75 
0.64 0.6666666666666666 0.9 1.0 0.5 0.0 
0.85 0.03333333333333333 0.76 1.0 0.0 0.5 
0.9 0.8166666666666667 0.62 1.0 1.0 0.0 
0.19 0.11666666666666667 0.4 0.0 1.0 0.25 
0.2875 0.4166666666666667 0.66 0.0 0.0 0.5 
0.9525 0.21666666666666667 0.92 1.0 0.5 0.0 
0.1425 0.23333333333333334 0.2 0.0 0.5 0.75 
