20

0000000110000000
0000000110000000
0000000110000000
0000000110000000
0000000110000000
0000000110000000
0000000110000000
0000000110000000
0000000110000000
0000000110000000
0000000110000000
0000000110000000
0000000110000000
0000000110000000
0000000110000000
0000000110000000
one

1100000000000000
1100000000000000
1100000000000000
1100000000000000
1100000000000000
1100000000000000
1100000000000000
1100000000000000
1100000000000000
1100000000000000
1100000000000000
1100000000000000
1100000000000000
1100000000000000
1100000000000000
1100000000000000
one

0000110000000000
0000110000000000
0000110000000000
0000110000000000
0000110000000000
0000110000000000
0000110000000000
0000110000000000
0000110000000000
0000110000000000
0000110000000000
0000110000000000
0000110000000000
0000110000000000
0000110000000000
0000110000000000
one

0100000000000000
1100000000000000
0100000000000000
1000000000000000
1100000000000000
0100000000000000
1000000000000000
1100000000000000
1100000000000000
0000000000000000
1100000000000000
0100000000000000
1000000000000000
1100000000000000
0100000000000000
1000000000000000
one

0000000000000011
0000000000000011
0000000000000011
0000000000000011
0000000000000011
0000000000000011
0000000000000011
0000000000000011
0000000000000011
0000000000000011
0000000000000011
0000000000000011
0000000000000011
0000000000000011
0000000000000011
0000000000000011
one

0000000000000001
0000000000000010
0000000000000001
0000000000000011
0000000000000000
0000000000000011
0000000000000011
0000000000000000
0000000000000011
0000000000000011
0000000000000000
0000000000000011
0000000000000011
0000000000000000
0000000000000010
0000000000000001
one

0000000001100000
0000000001100000
0000000001100000
0000000001100000
0000000001100000
0000000001100000
0000000001100000
0000000001100000
0000000001100000
0000000001100000
0000000001100000
0000000001100000
0000000001100000
0000000001100000
0000000001100000
0000000001100000
one

0000000100000000
0000000010000000
0000000100000000
0000000010000000
0000000100000000
0000000010000000
0000000100000000
0000000010000000
0000000100000000
0000000010000000
0000000100000000
0000000010000000
0000000100000000
0000000010000000
0000000100000000
0000000010000000
one

0000000010000000
0000000110000000
0000000010000000
0000000100000000
0000000110000000
0000000110000000
0000000010000000
0000000100000000
0000000110000000
0000000110000000
0000000010000000
0000000100000000
0000000110000000
0000000010000000
0000000110000000
0000000100000000
one

0000000110000000
0000000000000000
0000000000000000
0000000000000000
0000000000000000
0000000000000000
0000000000000000
0000000110000000
0000000110000000
0000000000000000
0000000000000000
0000000000000000
0000000000000000
0000000000000000
0000000000000000
0000000110000000
one

1111111111111111
1000000000000001
1000000000000001
1000000000000001
1000000000000001
1000000000000001
1000000000000001
1000000000000001
1000000000000001
1000000000000001
1000000000000001
1000000000000001
1000000000000001
1000000000000001
1000000000000001
1111111111111111
zero

0000101100100000
0000000000000000
0000000000000000
0000000000000000
1000000000000001
0000000000000001
1000000000000000
1000000000000000
0000000000000000
0000000000000001
0000000000000000
1000000000000001
1000000000000000
1000000000000000
1000000000000001
1110000000111111
zero

1011011101110111
1000000000000000
0000000000000001
1000000000000001
1000000000000001
0000000000000000
1000000000000001
1000000000000001
0000000000000001
1000000000000000
1000000000000001
0000000000000001
1000000000000000
1000000000000001
0000000000000001
1011101110111011
zero

0000000000000000
0000000000000000
0000000000000000
0001111111111000
0001000000001000
0001000000001000
0001000000001000
0001000000001000
0001000000001000
0001000000001000
0001000000001000
0001000000001000
0001111111111000
0000000000000000
0000000000000000
0000000000000000
zero

0000000000000000
0000000000000000
0000000000000000
0001011110101000
0001000000000000
0001000000001000
0000000000001000
0001000000000000
0001000000001000
0000000000001000
0001000000000000
0000000000001000
0001011011010000
0000000000000000
0000000000000000
0000000000000000
zero

0000000000000000
0000000000000000
0011111111111100
0011111111111100
0011000000001100
0011000000001100
0011000000001100
0011000000001100
0011000000001100
0011000000001100
0011000000001100
0011000000001100
0011111111111100
0011111111111100
0000000000000000
0000000000000000
zero

0000000000000000
0000000000000000
0001101101101000
0011011011011100
0001000000001100
0011000000000000
0001000000001100
0011000000000100
0001000000001000
0011000000001100
0010000000000100
0001000000001000
0010010110110100
0001010111011000
0000000000000000
0000000000000000
zero

0000000000000000
0000000000000000
0000000000000000
0000000000000000
0000000000000000
0000011111100000
0000010000100000
0000010000100000
0000010000100000
0000010000100000
0000011111100000
0000000000000000
0000000000000000
0000000000000000
0000000000000000
0000000000000000
zero

0000000000000000
0000000000000000
0000000000000000
0000000000000000
0000000000000000
0000011010100000
0000010000000000
0000000000100000
0000010000000000
0000000000100000
0000011010000000
0000000000000000
0000000000000000
0000000000000000
0000000000000000
0000000000000000
zero

1000000000000001
0000000000000000
0000000000000000
0000000000000000
0000000000000000
0000000000000000
0000000000000000
1000000000000001
1000000000000001
0000000000000000
0000000000000000
0000000000000000
0000000000000000
0000000000000000
0000000000000000
1000000000000001
zero