80 5 4
720 87 77 0 0 1
776 47 64 0 1 1
651 47 34 1 0 3
611 63 48 1 1 2
770 73 37 1 0 1
521 89 65 1 2 0
584 72 77 0 0 3
585 83 57 1 0 0
752 70 75 1 2 1
830 32 68 1 0 3
613 80 65 0 0 3
852 83 44 0 2 1
870 79 60 1 1 1
710 35 60 0 1 1
630 71 37 0 0 3
585 68 55 1 1 2
810 48 52 1 0 2
535 64 62 0 2 0
560 75 32 0 1 3
661 52 57 1 2 0
556 84 69 1 0 0
725 48 77 1 0 1
671 89 55 0 1 3
583 54 46 1 2 0
805 66 35 0 1 1
615 35 72 1 2 0
655 55 79 0 1 2
622 52 60 0 0 3
860 35 65 1 2 1
781 50 63 0 0 1
760 41 47 1 1 2
823 36 72 0 1 1
870 45 30 1 1 2
545 35 76 1 0 3
512 45 68 1 1 2
558 51 51 0 2 0
750 40 79 0 0 1
634 46 38 0 2 0
510 64 38 0 0 3
562 53 46 0 0 3
535 32 74 1 1 2
603 78 38 1 2 0
551 47 42 1 1 2
676 61 55 1 0 3
516 62 68 0 2 0
644 58 37 0 1 2
566 37 51 0 1 2
605 55 63 0 0 3
875 43 75 1 2 1
562 44 41 0 2 0
652 31 33 1 2 0
880 49 70 1 2 1
595 75 44 0 2 1
689 71 32 1 0 0
710 37 58 0 2 2
535 86 61 0 2 3
560 72 48 1 2 1
570 42 56 1 0 3
647 87 42 1 0 0
610 82 55 1 1 0
672 34 33 0 1 2
760 65 51 1 2 3
743 81 47 0 0 1
553 33 72 0 0 3
842 41 32 1 2 2
674 68 78 1 2 0
735 32 45 0 0 2
751 33 37 0 0 2
670 75 77 1 1 0
650 78 47 0 2 3
620 62 64 0 1 2
760 35 56 0 1 3
823 40 31 1 2 2
510 77 57 0 0 3
730 53 72 0 0 1
810 55 56 0 1 1
854 44 41 1 1 2
539 85 72 0 1 3
555 77 50 1 1 0
616 68 44 0 0 3
